
2026
Tarih	Hft	T1	T2	T3	T4	T5	T6	Joker	Super
07/01/2026	3	13	24	44	79	80	89	39	44
05/01/2026	2	4	12	37	50	64	89	41	7
03/01/2026	1	30	47	58	68	70	78	37	89

Tarih	Hft	T1	T2	T3	T4	T5	T6	Joker	Super
31/12/2025	157	13	14	19	25	32	45	23	42
29/12/2025	156	36	57	59	67	80	85	18	49
27/12/2025	155	9	13	29	41	74	82	39	51
24/12/2025	154	13	24	30	40	60	75	47	42
22/12/2025	153	19	24	41	44	56	71	23	26
20/12/2025	152	5	27	52	64	73	83	44	9
17/12/2025	151	3	6	8	28	55	82	17	21
15/12/2025	150	2	3	17	48	68	82	29	48
13/12/2025	149	7	57	67	70	74	86	4	22
10/12/2025	148	30	38	43	54	62	71	74	39
08/12/2025	147	8	29	38	73	76	88	13	68
06/12/2025	146	14	38	56	73	74	87	29	81
03/12/2025	145	2	6	19	47	53	62	56	45
01/12/2025	144	16	33	61	63	72	84	60	9
29/11/2025	143	7	20	32	41	56	72	44	19
26/11/2025	142	14	23	24	27	49	85	22	59
24/11/2025	141	24	34	59	60	61	70	53	45
22/11/2025	140	18	32	35	72	80	87	85	87
19/11/2025	139	5	15	59	61	82	86	62	69
17/11/2025	138	17	27	31	32	43	65	26	48
15/11/2025	137	33	43	46	66	72	90	35	85
12/11/2025	136	1	8	25	38	71	83	80	47
10/11/2025	135	2	16	32	75	76	86	23	55
08/11/2025	134	4	18	39	87	89	90	14	54
05/11/2025	133	14	45	49	68	79	81	58	90
03/11/2025	132	7	14	16	20	27	62	81	9
01/11/2025	131	33	45	47	50	72	76	80	51
29/10/2025	130	2	6	12	18	36	43	75	23
27/10/2025	129	4	6	25	45	57	62	88	15
25/10/2025	128	16	20	27	46	57	79	53	12
22/10/2025	127	1	7	10	15	33	71	4	45
20/10/2025	126	1	29	43	53	75	88	90	70
18/10/2025	125	10	13	18	39	63	85	60	88
15/10/2025	124	2	10	53	73	77	90	36	71
13/10/2025	123	24	36	50	63	65	68	71	19
11/10/2025	122	6	12	15	16	19	55	32	86
08/10/2025	121	4	27	37	41	48	73	76	70
06/10/2025	120	23	31	41	48	58	75	60	14
04/10/2025	119	8	12	15	23	34	56	58	75
01/10/2025	118	4	28	40	54	57	65	14	44
29/09/2025	117	14	35	57	70	76	83	36	63
27/09/2025	116	6	32	43	49	77	87	29	52
24/09/2025	115	18	48	53	61	64	65	31	32
22/09/2025	114	39	59	62	68	76	77	23	5
20/09/2025	113	14	24	49	60	61	83	6	35
17/09/2025	112	5	25	61	73	74	82	68	52
15/09/2025	111	7	23	39	41	47	82	40	77
13/09/2025	110	3	35	39	40	49	90	4	67
10/09/2025	109	5	32	36	58	64	68	10	68
08/09/2025	108	2	3	12	36	39	87	29	51
06/09/2025	107	7	19	29	30	32	33	60	64
03/09/2025	106	27	35	39	57	61	88	69	9
01/09/2025	105	5	7	14	23	26	33	85	21
30/08/2025	104	34	37	51	62	70	80	12	44
27/08/2025	103	5	6	7	44	72	79	11	67
25/08/2025	102	2	40	44	50	56	77	89	3
23/08/2025	101	4	10	36	45	65	83	84	41
20/08/2025	100	5	23	24	29	33	53	14	88
18/08/2025	99	24	37	45	55	60	62	68	86
16/08/2025	98	20	45	46	50	62	80	54	87
13/08/2025	97	4	6	12	30	67	70	56	83
11/08/2025	96	19	31	41	52	70	71	23	87
09/08/2025	95	6	18	20	38	62	85	81	66
06/08/2025	94	22	36	43	46	80	88	21	21
04/08/2025	93	12	20	39	48	59	62	51	40
02/08/2025	92	4	5	13	22	35	53	42	42
30/07/2025	91	12	19	50	58	62	73	36	77
28/07/2025	90	7	10	19	30	41	59	3	7
26/07/2025	89	26	38	41	45	70	73	7	20
23/07/2025	88	4	29	52	58	72	83	7	4
21/07/2025	87	12	48	51	71	76	78	46	89
19/07/2025	86	5	7	15	22	25	74	46	83
16/07/2025	85	9	22	47	49	55	73	19	19
12/07/2025	83	8	17	60	73	84	90	83	59
09/07/2025	82	4	13	36	48	53	80	51	5
07/07/2025	81	8	18	61	71	75	79	10	41
05/07/2025	80	11	12	27	71	76	87	38	57
02/07/2025	79	5	38	65	68	69	75	86	54
30/06/2025	78	24	41	45	58	72	90	31	9
28/06/2025	77	15	22	27	38	56	71	30	89
25/06/2025	76	7	20	25	28	78	88	51	14
23/06/2025	75	4	8	12	24	30	54	34	23
21/06/2025	74	3	13	16	25	50	84	4	28
18/06/2025	73	37	39	48	54	85	90	55	10
16/06/2025	72	7	12	27	53	72	77	19	86
14/06/2025	71	28	35	60	76	80	88	19	48
11/06/2025	70	31	42	65	76	81	87	36	90
09/06/2025	69	40	54	55	60	80	84	77	11
07/06/2025	68	8	12	18	22	25	32	9	50
04/06/2025	67	4	35	41	46	75	80	25	53
02/06/2025	66	16	29	46	61	80	87	6	14
31/05/2025	65	7	14	23	53	57	87	22	38
28/05/2025	64	35	37	49	60	72	89	34	34
26/05/2025	63	26	30	45	70	78	88	12	59
24/05/2025	62	38	40	49	55	61	77	1	54
21/05/2025	61	16	34	41	63	71	82	59	67
19/05/2025	60	6	22	58	84	87	90	62	72
17/05/2025	59	22	25	37	40	80	88	27	80
14/05/2025	58	5	11	21	29	45	72	3	72
12/05/2025	57	24	30	58	79	87	90	67	66
10/05/2025	56	6	29	32	60	62	72	44	27
07/05/2025	55	10	27	33	49	50	61	74	73
05/05/2025	54	8	25	33	42	50	51	81	16
03/05/2025	53	5	11	15	30	66	86	37	13
30/04/2025	52	1	10	56	66	67	78	14	27
28/04/2025	51	15	34	53	63	64	88	28	46
26/04/2025	50	1	5	18	33	47	56	85	66
23/04/2025	49	33	41	66	74	80	81	85	45
21/04/2025	48	13	31	37	42	77	80	79	33
19/04/2025	47	31	43	52	53	63	66	2	2
16/04/2025	46	11	18	40	43	59	88	49	68
14/04/2025	45	38	40	41	45	49	69	43	50
12/04/2025	44	11	26	35	48	53	57	51	51
09/04/2025	43	12	14	15	66	76	77	13	88
07/04/2025	42	1	9	13	20	66	79	45	75
05/04/2025	41	8	38	53	75	84	90	31	30
02/04/2025	40	19	20	36	48	53	66	77	71
31/03/2025	39	3	18	19	23	27	87	29	23
29/03/2025	38	27	45	59	67	79	84	77	24
26/03/2025	37	5	9	29	30	31	63	35	38
24/03/2025	36	8	18	21	41	43	73	59	66
22/03/2025	35	11	12	33	47	49	70	63	17
19/03/2025	34	13	39	59	70	73	80	31	45
17/03/2025	33	7	28	30	59	62	77	74	28
15/03/2025	32	15	18	24	29	61	75	82	24
12/03/2025	31	37	47	57	62	75	90	87	31
10/03/2025	30	2	9	28	43	59	61	74	56
08/03/2025	29	7	31	37	65	79	87	90	41
05/03/2025	28	30	32	48	65	82	85	64	14
03/03/2025	27	2	8	18	27	67	87	55	82
01/03/2025	26	38	42	62	66	75	77	78	61
26/02/2025	25	10	52	65	73	87	88	45	42
24/02/2025	24	1	23	40	43	53	59	37	71
22/02/2025	23	1	5	29	36	54	57	35	4
19/02/2025	22	26	42	69	70	74	88	45	66
17/02/2025	21	10	40	46	47	57	72	5	44
15/02/2025	20	1	9	32	48	56	58	55	11
12/02/2025	19	2	20	34	46	55	60	71	39
10/02/2025	18	13	31	34	64	69	88	17	34
08/02/2025	17	6	7	25	48	78	89	40	23
05/02/2025	16	37	38	41	64	76	80	21	21
03/02/2025	15	11	29	33	51	56	86	23	89
01/02/2025	14	4	38	56	61	68	70	76	20
29/01/2025	13	17	29	50	71	76	89	80	12
27/01/2025	12	1	2	14	34	54	56	77	34
25/01/2025	11	1	18	46	54	70	88	62	24
22/01/2025	10	2	20	28	44	57	88	24	47
20/01/2025	9	13	25	30	33	82	86	63	21
18/01/2025	8	1	24	31	32	40	81	3	53
15/01/2025	7	47	59	64	68	74	82	65	63
13/01/2025	6	14	28	42	54	64	89	76	72
11/01/2025	5	5	21	30	32	42	75	29	29
08/01/2025	4	8	36	59	60	68	75	34	12
06/01/2025	3	5	16	54	58	68	84	90	41
04/01/2025	2	2	42	50	57	59	90	6	1
01/01/2025	1	1	21	46	61	71	78	86	7

Tarih	Hft	T1	T2	T3	T4	T5	T6	Joker	Super
30/12/2024	157	1	20	34	43	88	90	33	54
28/12/2024	156	9	16	31	51	73	83	43	67
25/12/2024	155	1	7	19	43	56	82	72	5
23/12/2024	154	5	27	34	58	77	86	54	63
21/12/2024	153	20	40	46	69	78	80	87	38
18/12/2024	152	1	31	32	49	50	75	52	29
16/12/2024	151	3	12	17	56	69	76	16	44
14/12/2024	150	7	15	38	46	68	80	39	35
11/12/2024	149	28	34	56	70	73	86	3	75
09/12/2024	148	10	12	74	80	81	82	32	59
07/12/2024	147	10	13	18	31	55	63	66	36
04/12/2024	146	16	27	44	49	62	73	3	1
02/12/2024	145	3	16	40	44	50	77	21	22
30/11/2024	144	15	38	45	47	57	71	37	89
27/11/2024	143	27	42	47	69	76	85	80	40
25/11/2024	142	11	12	23	24	55	80	9	61
23/11/2024	141	15	25	62	65	77	86	80	37
20/11/2024	140	5	18	29	33	70	81	71	1
18/11/2024	139	2	25	36	58	79	80	66	77
16/11/2024	138	28	51	54	56	59	74	38	29
13/11/2024	137	5	29	30	64	84	89	74	21
11/10/2024	136	4	18	46	47	64	66	29	73
09/11/2024	135	15	33	36	74	78	81	85	57
06/11/2024	134	4	33	37	43	46	63	19	72
04/11/2024	133	9	12	26	38	63	69	55	79
02/11/2024	132	33	54	66	78	80	89	15	4
30/10/2024	131	3	18	22	26	48	85	68	20
28/10/2024	130	8	28	43	57	75	87	20	44
26/10/2024	129	8	13	14	41	47	84	40	36
23/10/2024	128	14	35	38	53	60	89	64	12
21/10/2024	127	20	33	52	54	59	76	5	44
19/10/2024	126	8	21	22	27	49	67	57	74
16/10/2024	125	4	20	43	52	69	89	80	55
14/10/2024	124	8	33	50	59	71	77	35	89
12/10/2024	123	2	9	10	20	44	69	80	39
09/10/2024	122	49	51	63	67	89	90	52	82
07/10/2024	121	27	37	44	46	79	81	10	5
05/10/2024	120	4	7	30	34	48	80	86	31
02/10/2024	119	22	40	54	55	61	62	90	89
30/09/2024	118	30	37	39	65	77	90	28	70
28/09/2024	117	49	53	54	63	67	68	77	80
25/09/2024	116	5	21	25	35	56	82	24	17
23/09/2024	115	3	14	16	54	58	69	42	10
21/09/2024	114	23	44	53	58	88	90	30	43
18/09/2024	113	17	27	48	50	71	88	58	58
16/09/2024	112	1	17	25	35	44	90	46	35
14/09/2024	111	9	19	26	41	77	89	82	53
11/09/2024	110	14	35	56	60	82	87	81	18
09/09/2024	109	4	5	13	15	48	90	47	49
07/09/2024	108	8	13	16	30	38	84	78	70
04/09/2024	107	57	58	62	66	84	89	10	56
02/09/2024	106	15	30	35	45	61	68	11	28
31/08/2024	105	23	45	48	51	73	90	58	32
28/08/2024	104	3	20	34	45	60	71	75	52
26/08/2024	103	35	45	48	50	63	69	15	44
24/08/2024	102	10	13	19	39	87	89	14	83
21/08/2024	101	6	12	16	29	63	72	75	44
19/08/2024	100	3	6	36	45	67	82	11	47
17/08/2024	99	3	19	32	66	71	81	74	9
14/08/2024	98	1	8	10	37	54	77	79	87
12/08/2024	97	16	24	37	73	77	85	22	56
10/08/2024	96	2	19	34	35	38	61	80	64
07/08/2024	95	19	46	54	56	80	82	13	48
05/08/2024	94	15	17	46	51	66	72	69	63
03/08/2024	93	10	13	35	42	60	87	69	17
31/07/2024	92	28	50	52	61	79	89	18	86
29/07/2024	91	3	24	54	72	75	84	35	32
27/07/2024	90	14	21	45	56	70	76	35	53
24/07/2024	89	1	18	31	46	61	84	41	29
22/07/2024	88	1	38	56	60	64	87	33	89
20/07/2024	87	7	23	45	58	60	73	46	26
17/07/2024	86	42	52	57	60	63	73	50	24
15/07/2024	85	2	8	23	48	63	83	43	28
13/07/2024	84	6	29	38	69	78	79	27	38
10/07/2024	83	15	24	31	40	48	90	87	36
08/07/2024	82	6	35	44	53	57	85	4	9
06/07/2024	81	26	32	35	43	56	81	38	44
03/07/2024	80	10	12	32	60	77	87	16	57
01/07/2024	79	13	36	40	44	53	75	55	17
29/06/2024	78	8	40	46	47	57	84	12	29
26/06/2024	77	18	33	38	48	52	75	49	16
24/06/2024	76	18	26	44	63	64	72	34	27
22/06/2024	75	19	30	45	57	78	87	5	4
19/06/2024	74	12	16	33	62	80	84	44	73
17/06/2024	73	23	32	48	51	58	89	83	65
15/06/2024	72	18	20	47	63	64	77	75	83
12/06/2024	71	2	12	13	51	75	89	60	29
10/06/2024	70	3	11	24	33	61	82	69	60
08/06/2024	69	6	7	24	33	35	96	19	61
05/06/2024	68	12	16	45	55	88	90	56	30
03/06/2024	67	6	34	49	61	69	86	63	67
01/06/2024	66	6	34	55	65	74	86	8	23
29/05/2024	65	23	28	44	58	69	78	45	15
27/05/2024	64	18	28	38	41	43	73	49	31
25/05/2024	63	19	28	44	62	73	81	61	89
22/05/2024	62	13	26	30	34	37	56	57	70
20/05/2024	61	6	7	24	51	52	86	80	69
18/05/2024	60	30	42	53	65	79	80	83	57
15/05/2024	59	21	30	42	43	48	50	75	5
13/05/2024	58	25	36	55	61	64	87	43	84
11/05/2024	57	13	32	44	55	57	90	21	36
08/05/2024	56	2	7	19	50	53	54	8	79
06/05/2024	55	5	17	21	52	56	85	79	64
04/05/2024	54	3	26	32	61	82	83	41	68
01/05/2024	53	8	23	44	77	84	86	9	13
29/04/2024	52	10	20	23	47	64	68	67	42
27/04/2024	51	28	47	71	77	81	85	42	35
24/04/2024	50	37	38	49	69	84	90	62	22
22/04/2024	49	3	48	61	71	81	82	42	27
20/04/2024	48	8	15	26	32	47	88	79	12
17/04/2024	47	16	23	24	41	63	85	39	52
15/04/2024	46	4	7	32	42	58	64	65	73
13/04/2024	45	8	55	60	64	70	81	6	15
10/04/2024	44	28	35	36	37	40	73	15	15
08/04/2024	43	27	38	39	42	48	51	22	63
06/04/2024	42	20	32	47	62	72	88	67	34
03/04/2024	41	8	21	27	45	70	82	85	59
01/04/2024	40	6	19	46	49	59	64	34	6
30/03/2024	39	14	17	31	55	56	69	53	56
27/03/2024	38	3	6	18	31	62	87	46	64
25/03/2024	37	9	47	62	68	77	90	56	81
23/03/2024	36	15	19	39	60	69	83	81	32
20/03/2024	35	7	37	44	51	61	66	70	4
18/03/2024	34	3	18	68	84	87	88	26	4
16/03/2024	33	28	34	45	60	71	80	47	59
13/03/2024	32	5	56	59	62	78	84	25	42
11/03/2024	31	27	42	57	65	67	83	50	21
09/03/2024	30	2	8	23	50	51	68	79	81
06/03/2024	29	9	11	46	48	49	86	12	8
04/03/2024	28	35	42	56	58	69	87	24	75
02/03/2024	27	8	19	47	54	56	78	59	81
28/02/2024	26	9	10	17	23	30	60	69	83
26/02/2024	25	1	22	36	58	76	87	4	40
24/02/2024	24	37	69	71	74	77	88	54	22
21/02/2024	23	10	11	47	57	60	67	36	73
19/02/2024	22	7	10	15	31	52	77	78	38
17/02/2024	21	15	36	40	63	74	79	81	66
14/02/2024	20	1	29	40	45	63	74	76	54
12/02/2024	19	36	40	50	53	70	76	49	77
10/02/2024	18	3	42	47	64	71	74	33	88
07/02/2024	17	23	26	29	41	69	77	51	6
05/02/2024	16	15	30	48	53	76	77	61	67
31/01/2024	14	9	13	79	83	84	89	18	4
29/01/2024	13	16	18	25	26	71	83	1	31
27/01/2024	12	22	57	60	62	64	83	41	72
24/01/2024	11	3	5	37	50	52	62	59	53
22/01/2024	10	9	17	20	33	63	75	38	74
20/01/2024	9	10	25	31	45	65	77	18	55
17/01/2024	8	13	26	38	55	60	63	61	63
15/01/2024	7	7	11	21	22	27	63	48	55
13/01/2024	6	27	44	60	67	68	88	85	16
10/01/2024	5	14	28	41	45	49	62	60	46
08/01/2024	4	4	33	35	62	65	76	67	50
06/01/2024	3	45	49	51	60	71	86	77	38
03/01/2024	2	3	18	50	54	66	86	22	25
01/01/2024	1	20	21	31	45	46	87	37	90

Tarih	Hft	T1	T2	T3	T4	T5	T6	Joker	Super
03/02/2023	15	33	38	47	57	81	85	49	41
30/12/2023	156	40	41	46	62	74	85	18	61
27/12/2023	155	17	39	44	60	68	87	5	70
25/12/2023	154	43	55	56	60	64	66	12	60
23/12/2023	153	18	20	42	50	54	85	61	67
20/12/2023	152	1	16	45	50	54	78	66	36
18/12/2023	151	33	45	53	80	85	89	77	39
16/12/2023	150	4	10	24	41	87	88	1	74
13/12/2023	149	1	13	20	78	86	87	50	5
11/12/2023	148	27	36	41	47	59	67	5	24
09/12/2023	147	9	22	29	53	72	87	58	12
06/12/2023	146	14	16	44	59	70	89	73	43
04/12/2023	145	5	29	36	39	47	51	78	18
02/12/2023	144	43	48	51	69	82	86	29	5
29/11/2023	143	13	42	44	52	67	75	21	77
27/11/2023	142	32	35	36	47	62	63	1	57
25/11/2023	141	25	28	40	50	53	90	80	6
22/11/2023	140	2	5	15	23	36	49	66	64
20/11/2023	139	24	25	31	68	74	75	62	53
18/11/2023	138	3	49	55	76	81	86	36	61
15/11/2023	137	31	33	38	56	67	78	26	56
13/11/2023	136	43	60	68	71	74	90	54	21
11/11/2023	135	24	30	56	60	63	85	34	18
08/11/2023	134	6	19	44	45	50	81	38	25
06/11/2023	133	22	34	36	46	50	69	83	60
04/11/2023	132	8	42	64	76	83	86	46	30
01/11/2023	131	2	31	33	65	69	87	85	71
30/10/2023	130	6	34	46	66	71	83	42	77
28/10/2023	129	1	2	11	20	21	41	26	35
25/10/2023	128	11	20	42	47	54	57	2	29
23/10/2023	127	35	37	59	60	75	85	28	25
21/10/2023	126	13	18	32	37	58	75	26	21
18/10/2023	125	49	51	60	61	66	73	31	51
16/10/2023	124	2	12	15	31	48	58	71	66
14/10/2023	123	4	59	76	83	86	90	38	69
11/10/2023	122	10	14	38	43	50	81	12	35
09/10/2023	121	19	26	28	38	59	77	57	66
07/10/2023	120	20	22	36	65	66	69	16	53
04/10/2023	119	5	22	39	61	75	80	66	55
02/10/2023	118	3	19	45	58	62	88	34	16
30/09/2023	117	22	27	28	62	75	76	16	46
27/09/2023	116	32	50	57	69	70	75	5	65
25/09/2023	115	15	23	25	76	79	89	83	34
23/09/2023	114	1	11	34	40	60	72	75	19
20/09/2023	113	26	34	38	43	68	76	44	11
18/09/2023	112	39	40	42	45	50	55	69	15
16/09/2023	111	14	45	67	73	82	88	89	85
13/09/2023	110	11	14	50	54	61	73	30	7
11/09/2023	109	3	14	20	40	79	84	35	67
09/09/2023	108	1	2	13	16	24	47	11	17
06/09/2023	107	12	35	45	60	68	70	27	35
04/09/2023	106	3	37	70	80	86	90	39	2
02/09/2023	105	29	36	38	43	49	78	46	65
30/08/2023	104	6	20	40	46	47	48	28	71
28/08/2023	103	1	29	36	48	60	89	67	56
26/08/2023	102	15	30	72	76	78	79	51	51
23/08/2023	101	9	18	24	42	76	86	71	10
21/08/2023	100	17	20	32	33	49	57	40	18
19/08/2023	99	37	45	48	55	73	84	24	68
16/08/2023	98	45	58	66	79	84	89	9	64
14/08/2023	97	5	6	31	66	67	77	64	89
12/08/2023	96	39	59	60	63	81	84	7	60
02/08/2023	95	20	36	39	69	71	75	88	42
07/08/2023	94	21	34	40	51	79	88	33	30
05/06/2023	93	18	26	34	43	52	80	36	45
02/08/2023	92	4	32	64	71	82	89	3	21
31/07/2023	91	1	26	34	56	64	67	71	14
29/07/2023	90	33	45	63	66	74	89	67	89
26/07/2023	89	10	20	23	30	83	89	7	80
24/07/2023	88	4	12	31	38	68	83	9	48
22/07/2023	87	12	34	52	56	59	82	15	71
19/07/2023	86	25	28	44	60	77	89	47	13
17/07/2023	85	5	30	55	62	66	78	79	16
15/07/2023	84	14	28	41	45	66	87	39	4
12/07/2023	83	21	30	31	40	51	71	54	59
10/07/2023	82	27	42	45	53	63	81	85	78
08/07/2023	81	10	37	45	67	73	84	68	45
05/07/2023	80	4	16	37	38	64	81	22	79
03/07/2023	79	7	14	52	71	77	87	46	89
01/07/2023	78	3	19	24	41	46	50	4	13
18/06/2023	77	14	19	72	73	75	82	28	72
26/06/2023	76	51	64	69	70	78	85	42	42
24/06/2023	75	18	51	64	66	84	87	24	24
21/06/2023	74	10	25	39	47	52	72	61	26
19/06/2023	73	9	22	27	50	74	86	2	76
17/06/2023	72	7	30	32	33	34	35	54	55
14/06/2023	71	4	9	34	38	89	90	86	67
12/06/2023	70	1	12	46	58	80	86	30	50
10/06/2023	69	2	37	39	45	50	52	34	17
07/06/2023	68	1	12	41	49	55	71	8	34
05/06/2023	67	15	56	67	69	88	89	1	54
03/06/2023	66	24	26	43	54	62	85	8	43
31/05/2023	65	1	7	10	30	49	66	46	43
29/05/2023	64	8	15	47	63	69	86	18	59
27/05/2023	63	20	22	32	46	56	75	66	77
24/05/2023	62	11	37	38	40	49	78	59	69
22/05/2023	61	18	36	45	48	49	69	58	68
20/05/2023	60	3	14	18	51	62	68	31	84
19/05/2023	59	14	29	40	46	79	89	19	66
15/05/2023	58	10	13	20	31	69	87	56	56
13/05/2023	57	25	49	66	80	81	88	55	90
10/05/2023	56	17	30	35	62	89	90	28	7
08/05/2023	55	9	15	46	47	57	67	86	14
06/05/2023	54	21	29	66	67	82	87	55	65
03/05/2023	53	7	18	45	47	61	88	60	13
01/05/2023	52	34	39	43	49	56	57	52	43
29/04/2023	51	8	11	41	58	84	87	63	76
26/04/2023	50	8	25	53	62	71	82	28	25
24/04/2023	49	12	15	45	62	74	84	76	50
22/04/2023	48	7	8	11	20	46	76	5	18
19/04/2023	47	35	41	42	46	70	87	7	62
17/04/2023	46	5	6	18	25	48	72	2	70
15/04/2023	45	9	26	39	43	56	64	87	9
12/04/2023	44	38	42	63	65	82	85	9	72
10/04/2023	43	1	2	11	33	38	89	81	50
08/04/2023	42	5	20	21	31	40	51	24	80
05/04/2023	41	25	36	39	47	55	58	51	70
03/04/2023	40	2	11	47	61	80	89	74	13
01/04/2023	39	10	28	38	70	86	89	13	8
29/03/2023	38	21	33	49	50	51	55	76	59
27/03/2023	37	23	25	36	38	82	83	16	34
25/03/2023	36	6	37	66	72	77	83	1	53
22/03/2023	35	3	29	58	68	69	77	42	14
20/03/2023	34	11	14	15	25	26	74	64	58
18/03/2023	33	11	18	30	60	81	84	17	61
15/03/2023	32	11	28	29	58	68	78	24	26
13/03/2023	31	5	30	78	81	83	90	62	21
11/03/2023	30	23	38	45	66	77	83	75	2
08/03/2023	29	28	29	30	37	61	71	10	9
06/03/2023	28	5	7	38	57	64	66	16	76
04/03/2023	27	48	57	62	74	87	88	42	8
01/03/2023	26	5	6	8	24	57	58	87	59
27/02/2023	25	6	7	71	74	82	86	38	73
25/02/2023	24	1	17	25	55	62	77	13	82
22/02/2023	23	21	24	63	72	80	86	46	85
20/02/2023	22	5	13	42	45	68	81	41	3
18/02/2023	21	20	23	40	60	83	85	64	4
15/02/2023	20	11	32	59	60	67	85	26	70
13/02/2023	19	4	7	23	37	40	50	75	55
11/02/2023	18	6	11	16	46	59	69	25	52
08/02/2023	17	5	6	21	44	71	79	43	87
06/02/2023	16	12	30	48	52	61	82	55	30
04/02/2023	15	25	31	37	38	56	85	29	15
01/02/2023	14	12	13	79	87	88	89	29	87
30/01/2023	13	7	61	63	75	83	89	71	71
28/01/2023	12	7	11	29	44	45	84	51	76
25/01/2023	11	26	29	40	63	70	88	72	65
23/01/2023	10	4	17	30	65	69	78	33	3
21/01/2023	9	39	49	62	81	87	88	14	14
18/01/2023	8	10	22	35	44	52	85	81	64
16/01/2023	7	2	23	34	41	57	70	49	79
14/01/2023	6	8	34	56	77	85	89	6	32
11/01/2023	5	1	22	32	50	74	81	33	69
09/01/2023	4	4	21	23	33	35	48	12	73
07/01/2023	3	21	45	51	58	63	87	15	44
04/01/2023	2	5	28	48	60	63	80	46	62
02/01/2023	1	2	6	9	25	50	65	79	70
